accuracy: 0.9359267734553776
precision: 0.5
recall: 0.007142857142857143
f1_score: 0.014084507042253521
roc_auc: 0.8157247642333217
