accuracy: 0.9357208448117539
precision: 0.0
recall: 0.0
f1_score: 0.0
roc_auc: 0.8799242955278285
