accuracy: 0.956979405034325
precision: 0.6666666666666666
recall: 0.021052631578947368
f1_score: 0.04081632653061224
roc_auc: 0.8784160161168472
