accuracy: 0.9574175824175825
precision: 0.5
recall: 0.010752688172043012
f1_score: 0.021052631578947368
roc_auc: 0.8874490262929196
