accuracy: 0.9368131868131868
precision: 0.75
recall: 0.02142857142857143
f1_score: 0.041666666666666664
roc_auc: 0.8300828207995525
