accuracy: 0.9583333333333334
precision: 0.0
recall: 0.0
f1_score: 0.0
roc_auc: 0.8955315319222763
