accuracy: 0.9605866177818515
precision: 0.6666666666666666
recall: 0.045454545454545456
f1_score: 0.0851063829787234
roc_auc: 0.8976974255448468
