accuracy: 0.9363553113553114
precision: 1.0
recall: 0.007142857142857143
f1_score: 0.014184397163120567
roc_auc: 0.8231793402292424
