accuracy: 0.9577594123048668
precision: 0.8333333333333334
recall: 0.1
f1_score: 0.17857142857142858
roc_auc: 0.915591915303176
