precision: 0.25517241379310346
recall: 0.2642857142857143
f1_score: 0.2596491228070175
accuracy: 0.9032997250229148
threshold: 0.1
roc_auc: 0.8147789282216316
