=== Baseline: Persistence Model ===
precision: 0.8983050847457628
recall: 0.6064073226544623
f1_score: 0.7240437158469946
accuracy: 0.8156934306569343
threshold: 0.5
far: 0.04552352048558422
brier_score: 0.1843065693430657
roc_auc: 0.780441901084439
