precision: 0.7767767767767768
recall: 0.8878718535469108
f1_score: 0.8286171916711158
accuracy: 0.853290676416819
roc_auc: 0.9275649666154666
threshold: 0.3
