precision: 0.7909090909090909
recall: 0.8958810068649885
f1_score: 0.8401287553648069
accuracy: 0.8638025594149908
roc_auc: 0.9312064407594328
threshold: 0.3
