Best Threshold: 0.1
precision: 0.24796747967479674
recall: 0.4357142857142857
f1_score: 0.3160621761658031
accuracy: 0.8790100824931256
roc_auc: 0.8289089827899817
