Best Threshold: 0.1
precision: 0.21982758620689655
recall: 0.36428571428571427
f1_score: 0.27419354838709675
accuracy: 0.8764302059496567
roc_auc: 0.7881592734893468
