Best Threshold: 0.1
precision: 0.24110671936758893
recall: 0.4357142857142857
f1_score: 0.3104325699745547
accuracy: 0.8759157509157509
roc_auc: 0.8083310036343305
