Best Threshold: 0.1
precision: 0.1870967741935484
recall: 0.20714285714285716
f1_score: 0.19661016949152543
accuracy: 0.8911845730027548
roc_auc: 0.8189576615729707
