Best Threshold: 0.1
precision: 0.23282442748091603
recall: 0.4357142857142857
f1_score: 0.3034825870646766
accuracy: 0.8717948717948718
roc_auc: 0.8258439334637964
